rotamer_frequency -5.0345
C3 C3 -0.31749 -0.31749 0.355012 3.09163 -9.01995 -266.331 1461.29 43634.8 
C3 SG -1.3107 0.145799 -0.155573 1.87341 -16.1214 -396.99 3176.98 82065.3 
C3 C2 0.293943 -0.394711 0.274223 2.88035 6.65892 -514.993 -617.238 82639.2 
C3 SD -0.106866 -1.05632 0.985793 4.1765 2.5414 -667.228 621.151 70456.7 
C3 C1 1.02187 0.435925 0.852097 2.9675 6.31381 -307.281 2211.85 48408 
C3 CG -1.30929 0 0 1.7859 2.01202 -155.687 -4522.66 44082.4 
C3 CR 0.212522 -0.534306 0.22038 1.24934 9.06899 -616.649 -204.828 72647.2 
C3 OC 0.305984 1.70167 -0.0657648 3.86379 1.2075 -46.0218 -2198.54 32685.3 
C3 N3 0.875782 1.2273 -0.774819 1.78746 -5.12129 14.6157 -626.824 3598.57 
C3 HC -0.81494 -0.372055 -0.470251 1.30068 1.52852 4.0702 -242.68 1986.8 
C3 OG -0.458157 1.03781 0.796601 2.5662 1.26769 -164.764 -1083.33 36717.2 
C3 H -0.00879645 -0.255224 0.676052 1.42413 3.10612 11.7307 -1233.86 8680.28 
C3 N2 1.01798 0 0 1.50147 -2.09262 -228.072 -1370.07 44116.1 
C3 NE 1.10386 0.94485 0.425302 2.99671 7.37013 -298.422 312.092 28445.4 
C3 C -0.411857 0 0 1.15648 3.15639 -365.013 -3667.24 35741.8 
C3 O 0.0279994 -0.545506 -0.437813 1.30981 11.1139 -343.597 -1516.01 54383.9 
SG C3 0.145799 -1.3107 -0.155573 1.87341 -16.1214 -396.99 3176.98 82065.3 
SG SG 0.831632 0.831632 -0.458373 1.66295 12.2324 -373.725 -1101.35 1947.98 
SG C2 0.384509 -2.01383 -0.0368764 2.73665 -2.40917 -269.213 4259.06 21666.7 
SG SD 2.90027 -1.24159 1.82606 5.58544 -6.97659 -398.326 2263.76 40435 
SG C1 -0.273503 -0.270247 1.42446 4.43127 -1.1291 -656.177 2339.17 61174.2 
SG CG 3.54257 0 0 6.1183 6.81601 -600.951 263.947 46835.6 
SG CR -0.329795 -0.517898 -1.21698 1.9536 -1.53314 -537.674 2423.27 62251.5 
SG OC -0.288911 -0.286649 -1.66473 2.05225 9.87389 -248.302 -565.23 45483.3 
SG N3 1.13443 -1.021 3.48049 6.00041 0.200533 41.9715 2752.74 11454.5 
SG HC -0.164173 0.616294 0.278746 0.983113 2.10275 -158.581 421.316 614.259 
SG OG 2.13931 -0.676213 0.712929 2.76426 -10.3604 -129.554 1683.28 56077.6 
SG H 0.12721 2.32976 -0.123024 2.8447 9.65429 -273.792 -57.6573 1455.15 
SG N2 1.34987 0 0 1.8308 -3.58723 -447.92 3063.07 71915.2 
SG NE -1.00547 1.35175 1.09351 5.58221 -8.54626 -245.517 1051.45 40711 
SG C -0.317774 0 0 0.70821 14.5128 -494.36 -1365.89 5801.71 
SG O 0.0329896 1.36812 0.922367 3.27002 -3.36249 -566.883 2056.77 65420.8 
C2 C3 -0.394711 0.293943 0.274223 2.88035 6.65892 -514.993 -617.238 82639.2 
C2 SG -2.01383 0.384509 -0.0368764 2.73665 -2.40917 -269.213 4259.06 21666.7 
C2 C2 -0.434745 -0.434745 0.303591 3.16262 5.79103 -266.14 1124.61 42117.5 
C2 SD -1.12669 -0.171804 -0.862675 2.49867 6.09609 -528.047 -1214.78 68674.2 
C2 C1 0.134974 1.69068 1.03635 3.36679 0.278909 -27.0645 927.292 39006.3 
C2 CG 0.874235 0 0 3.22408 1.06853 -93.9919 -4983.03 43469.4 
C2 CR -0.459889 0.248314 0.21938 1.03181 7.2362 -411.653 -1300.89 64749.8 
C2 OC -0.446084 -0.213156 0.210344 2.75504 0.339719 -85.8104 -1392.39 22185.5 
C2 N3 -2.40652 2.62952 3.44111 6.38104 -0.975697 36.9163 -166.064 2702 
C2 HC -2.02213 -0.810451 -0.904771 2.47279 0.745103 43.2358 -138.496 339.472 
C2 OG -0.291976 0.00772224 -0.843729 1.83078 1.728 -141.812 -3232.84 40109.7 
C2 H 0.5022 -0.170467 -0.136535 1.68907 0.271175 -12.1926 -10.8422 4256.03 
C2 N2 1.7662 0 0 2.12299 -1.87454 -49.8644 -2005.86 28275.7 
C2 NE 0.635134 0.231835 1.2983 3.97064 4.84114 -54.135 -2440.94 26778.7 
C2 C -2.22982 0 0 2.56066 1.74 -153.095 -4927.39 55159.5 
C2 O -0.272119 -0.80731 0.143361 2.60539 4.33276 -157.719 -1760.6 36314.8 
SD C3 -1.05632 -0.106866 0.985793 4.1765 2.5414 -667.228 621.151 70456.7 
SD SG -1.24159 2.90027 1.82606 5.58544 -6.97659 -398.326 2263.76 40435 
SD C2 -0.171804 -1.12669 -0.862675 2.49867 6.09609 -528.047 -1214.78 68674.2 
SD SD 0.923962 0.923962 -2.16645 3.34988 -0.679452 -27.4657 1018.47 4716.14 
SD C1 -0.282924 0.504466 -0.798302 1.87752 4.51802 -322.982 -1423.35 60162.1 
SD CG 0.913843 0 0 3.33043 -4.70006 -21.4619 -1734.33 28866.7 
SD CR -0.291491 0.462357 0.052155 2.05336 2.28785 -475.497 -441.975 68137.8 
SD OC -1.02837 1.46706 0.462856 3.25697 3.09152 23.976 17.001 21794.8 
SD N3 0.134771 0.437194 0.661641 3.54036 5.51786 156.984 -45.0837 13335.2 
SD HC 0.582774 -0.292331 0.0333701 1.73836 0.416741 -19.4797 -595.028 1403.84 
SD OG 2.27808 3.25321 -0.896377 5.89427 -3.05908 -170.282 -719.68 54238.3 
SD H 0.453394 -1.09488 -0.669031 4.49247 0.748118 7.15922 -468.353 632.92 
SD N2 -1.76869 0 0 2.92945 -0.273188 -171.457 -1151.93 48171.7 
SD NE 0.00756049 1.45262 1.22106 4.37514 -0.891324 -326.69 1610.52 29437.6 
SD C -0.513879 0 0 3.58252 4.77284 -185.199 -2368.5 38590.1 
SD O 0.737642 0.584771 -0.432334 4.94853 1.1393 -230.918 -298.689 40818.7 
C1 C3 0.435925 1.02187 0.852097 2.9675 6.31381 -307.281 2211.85 48408 
C1 SG -0.270247 -0.273503 1.42446 4.43127 -1.1291 -656.177 2339.17 61174.2 
C1 C2 1.69068 0.134974 1.03635 3.36679 0.278909 -27.0645 927.292 39006.3 
C1 SD 0.504466 -0.282924 -0.798302 1.87752 4.51802 -322.982 -1423.35 60162.1 
C1 C1 -0.596459 -0.596459 0.308453 2.28234 -12.5586 78.0613 1993.92 28440.2 
C1 CG 0.520864 0 0 4.3185 -4.81018 239.341 -4211.63 10469.9 
C1 CR 0.754397 -0.333834 0.0389701 1.44652 -2.11426 -227.309 -1268.34 55094 
C1 OC 1.63205 0.830347 -0.876467 2.26924 2.37315 -26.7002 -1766.28 24676.7 
C1 N3 1.18477 0.615772 -1.86876 2.8876 -1.71726 -90.1693 -1761.88 23032.2 
C1 HC -0.266288 -0.294884 -0.392426 0.786974 2.39918 64.0247 -338.074 481.829 
C1 OG 0.500621 -1.35442 1.00599 2.37806 0.341346 -67.467 -2480.12 36366.8 
C1 H 0.772587 -0.0251556 -0.187578 2.57239 2.37701 68.1309 -757.163 2381.93 
C1 N2 0.948732 0 0 1.63831 0.299686 -19.2176 -2800.2 33473.7 
C1 NE 1.8132 -1.08152 -0.197703 4.93532 2.16546 14.9153 -2218.87 20623.8 
C1 C 0.436976 0 0 0.920665 -2.58042 264.012 -3041.05 3299.41 
C1 O 1.73166 0.324964 -0.160999 2.7817 -11.9025 -59.7091 -1416.07 32678.7 
CG C3 0 -1.30929 0 1.7859 2.01202 -155.687 -4522.66 44082.4 
CG SG 0 3.54257 0 6.1183 6.81601 -600.951 263.947 46835.6 
CG C2 0 0.874235 0 3.22408 1.06853 -93.9919 -4983.03 43469.4 
CG SD 0 0.913843 0 3.33043 -4.70006 -21.4619 -1734.33 28866.7 
CG C1 0 0.520864 0 4.3185 -4.81018 239.341 -4211.63 10469.9 
CG CG 0 0 0 5.32234 -1.35328 140.037 -1609.02 5818.28 
CG CR 0 1.41964 0 2.60931 3.95377 -129.511 -4526.7 42074.9 
CG OC 0 -0.147788 0 0.850953 0.43325 70.0888 -818.009 5656.59 
CG N3 0 0.162529 0 3.3696 -4.54553 41.7113 106.177 2580.51 
CG HC 0 0.619891 0 1.80139 0.69314 3.52049 8.55642 32.6046 
CG OG 0 1.45092 0 2.91612 -2.23717 -40.5906 -687.376 11862 
CG H 0 1.61571 0 1.90301 -2.71784 40.8157 -277.488 3321.74 
CG N2 0 0 0 5.27664 -1.12509 6.27214 -1235.44 19575 
CG NE 0 1.18419 0 4.08849 1.31774 -14.2188 -1347.3 11563.5 
CG C 0 0 0 2.29347 -5.16191 42.193 -4136.02 18853.1 
CG O 0 -1.64299 0 2.23024 -0.337882 47.8941 580.533 9794.01 
CR C3 -0.534306 0.212522 0.22038 1.24934 9.06899 -616.649 -204.828 72647.2 
CR SG -0.517898 -0.329795 -1.21698 1.9536 -1.53314 -537.674 2423.27 62251.5 
CR C2 0.248314 -0.459889 0.21938 1.03181 7.2362 -411.653 -1300.89 64749.8 
CR SD 0.462357 -0.291491 0.052155 2.05336 2.28785 -475.497 -441.975 68137.8 
CR C1 -0.333834 0.754397 0.0389701 1.44652 -2.11426 -227.309 -1268.34 55094 
CR CG 1.41964 0 0 2.60931 3.95377 -129.511 -4526.7 42074.9 
CR CR 0.4627 0.4627 -0.938812 1.44671 0.879772 -335.995 -13.3093 43133 
CR OC -0.111022 0.367386 -0.534115 3.26305 0.529574 -13.0332 -1729.12 24163.7 
CR N3 -2.3379 -1.16981 -2.07584 4.74401 0.134656 87.1049 -1769.28 11168.6 
CR HC -0.524479 -0.489143 -0.431816 1.04497 2.02844 4.67611 -234.034 2186.69 
CR OG -0.505169 0.154154 0.320502 1.58596 4.43409 -111.195 -2273.85 38586.7 
CR H -0.587643 -0.707939 -1.20294 1.8047 3.59893 -0.811799 12.519 134.306 
CR N2 0.934823 0 0 1.73227 0.0961879 -73.0807 -2889.47 32873.8 
CR NE 0.2927 -0.327817 -0.5095 1.53052 8.95263 -146.464 -1729.82 38136.7 
CR C 0.389894 0 0 2.26786 1.92205 41.8922 -4752.46 30154.2 
CR O 1.48333 -0.171823 -0.0258662 2.29983 -1.17872 -68.0651 -1607.75 36210.7 
OC C3 1.70167 0.305984 -0.0657648 3.86379 1.2075 -46.0218 -2198.54 32685.3 
OC SG -0.286649 -0.288911 -1.66473 2.05225 9.87389 -248.302 -565.23 45483.3 
OC C2 -0.213156 -0.446084 0.210344 2.75504 0.339719 -85.8104 -1392.39 22185.5 
OC SD 1.46706 -1.02837 0.462856 3.25697 3.09152 23.976 17.001 21794.8 
OC C1 0.830347 1.63205 -0.876467 2.26924 2.37315 -26.7002 -1766.28 24676.7 
OC CG -0.147788 0 0 0.850953 0.43325 70.0888 -818.009 5656.59 
OC CR 0.367386 -0.111022 -0.534115 3.26305 0.529574 -13.0332 -1729.12 24163.7 
OC OC 0.0155768 0.0155768 1.92554 2.78844 5.09823 32.5508 -45.2437 2597.56 
OC N3 0.826307 -0.861568 0.196567 1.74231 -9.82426 45.982 741.782 4158.35 
OC HC 0.676891 0.0404326 -0.599938 1.65 -0.0660373 -61.1019 -106.12 273.245 
OC OG 0.350877 -0.560561 0.888604 2.51119 -2.27277 15.8574 409.627 986.275 
OC H -0.0601489 -0.40199 -0.666327 1.25713 1.36874 -70.0496 -100.545 258.838 
OC N2 -0.590982 0 0 1.17372 -0.862586 -41.9758 -245.07 12135.3 
OC NE -2.25477 4.06656 1.51545 5.96126 1.22753 -161.542 1371.12 9091.82 
OC C 0.18778 0 0 1.01783 0.429533 107.207 -1946.62 6902.89 
OC O -0.655006 -1.25147 -0.0205569 2.20054 7.01045 -33.0973 293.694 5757.6 
N3 C3 1.2273 0.875782 -0.774819 1.78746 -5.12129 14.6157 -626.824 3598.57 
N3 SG -1.021 1.13443 3.48049 6.00041 0.200533 41.9715 2752.74 11454.5 
N3 C2 2.62952 -2.40652 3.44111 6.38104 -0.975697 36.9163 -166.064 2702 
N3 SD 0.437194 0.134771 0.661641 3.54036 5.51786 156.984 -45.0837 13335.2 
N3 C1 0.615772 1.18477 -1.86876 2.8876 -1.71726 -90.1693 -1761.88 23032.2 
N3 CG 0.162529 0 0 3.3696 -4.54553 41.7113 106.177 2580.51 
N3 CR -1.16981 -2.3379 -2.07584 4.74401 0.134656 87.1049 -1769.28 11168.6 
N3 OC -0.861568 0.826307 0.196567 1.74231 -9.82426 45.982 741.782 4158.35 
N3 N3 0.344798 0.344798 -0.680736 1.87381 12.0308 -37.9891 294.604 1885.24 
N3 HC -0.406218 0.953593 0.512682 2.09087 -2.50177 49.9828 -3336.08 30761.6 
N3 OG 0.000357935 0.243506 0.140668 1.57838 -1.95342 -78.5494 -258.89 15054.3 
N3 H 1.18009 -0.920424 0.682025 2.36653 -0.195213 42.841 -1410.38 2058.73 
N3 N2 1.71192 0 0 4.18586 0.251466 55.1875 -2383.56 19547.6 
N3 NE -1.34817 0.452488 1.63478 4.11374 -10.1515 38.3543 57.0411 13518.7 
N3 C 0.678331 0 0 1.29584 1.60528 243.894 -1333.99 2763.94 
N3 O -0.636872 0.659695 0.427765 1.47719 -0.605409 0.552318 -234.724 3571.97 
HC C3 -0.372055 -0.81494 -0.470251 1.30068 1.52852 4.0702 -242.68 1986.8 
HC SG 0.616294 -0.164173 0.278746 0.983113 2.10275 -158.581 421.316 614.259 
HC C2 -0.810451 -2.02213 -0.904771 2.47279 0.745103 43.2358 -138.496 339.472 
HC SD -0.292331 0.582774 0.0333701 1.73836 0.416741 -19.4797 -595.028 1403.84 
HC C1 -0.294884 -0.266288 -0.392426 0.786974 2.39918 64.0247 -338.074 481.829 
HC CG 0.619891 0 0 1.80139 0.69314 3.52049 8.55642 32.6046 
HC CR -0.489143 -0.524479 -0.431816 1.04497 2.02844 4.67611 -234.034 2186.69 
HC OC 0.0404326 0.676891 -0.599938 1.65 -0.0660373 -61.1019 -106.12 273.245 
HC N3 0.953593 -0.406218 0.512682 2.09087 -2.50177 49.9828 -3336.08 30761.6 
HC HC 0.369549 0.369549 0.592772 1.57405 0.616858 -4.11466 25.5878 581.817 
HC OG 0.0568908 -0.0749688 -0.195873 1.18567 -1.68158 -20.1414 -297.873 390.512 
HC H 0.851621 -1.02012 0.171618 1.97773 0.902579 9.28007 113.495 1.59945 
HC N2 1.4389 0 0 1.69829 2.3698 8.52243 -456.319 867.871 
HC NE 1.97503 1.39851 -1.09164 4.1885 2.46021 29.9092 -967.687 1567.8 
HC C -0.291646 0 0 1.04886 -2.71164 28.1223 -97.0088 1881.14 
HC O 0.33767 -0.0673976 -0.287147 1.15526 -2.0608 -46.833 -39.6765 100.007 
OG C3 1.03781 -0.458157 0.796601 2.5662 1.26769 -164.764 -1083.33 36717.2 
OG SG -0.676213 2.13931 0.712929 2.76426 -10.3604 -129.554 1683.28 56077.6 
OG C2 0.00772224 -0.291976 -0.843729 1.83078 1.728 -141.812 -3232.84 40109.7 
OG SD 3.25321 2.27808 -0.896377 5.89427 -3.05908 -170.282 -719.68 54238.3 
OG C1 -1.35442 0.500621 1.00599 2.37806 0.341346 -67.467 -2480.12 36366.8 
OG CG 1.45092 0 0 2.91612 -2.23717 -40.5906 -687.376 11862 
OG CR 0.154154 -0.505169 0.320502 1.58596 4.43409 -111.195 -2273.85 38586.7 
OG OC -0.560561 0.350877 0.888604 2.51119 -2.27277 15.8574 409.627 986.275 
OG N3 0.243506 0.000357935 0.140668 1.57838 -1.95342 -78.5494 -258.89 15054.3 
OG HC -0.0749688 0.0568908 -0.195873 1.18567 -1.68158 -20.1414 -297.873 390.512 
OG OG 0.208535 0.208535 -0.465909 1.48676 -3.94977 8.30226 429.878 15641.5 
OG H -0.445063 -0.442964 0.0496221 1.22846 0.814472 -54.8532 -478.724 788.135 
OG N2 -0.845757 0 0 1.18158 0.513456 -85.881 -1061.11 22441.1 
OG NE 0.479755 0.629069 0.329223 2.23977 -8.91598 -166.256 17.9353 15952.8 
OG C 0.0989451 0 0 1.14508 0.746773 -44.2685 -1889.37 11570.9 
OG O -0.620062 -0.592637 -0.135269 1.38817 -2.54576 89.2955 946.843 1319.19 
H C3 -0.255224 -0.00879645 0.676052 1.42413 3.10612 11.7307 -1233.86 8680.28 
H SG 2.32976 0.12721 -0.123024 2.8447 9.65429 -273.792 -57.6573 1455.15 
H C2 -0.170467 0.5022 -0.136535 1.68907 0.271175 -12.1926 -10.8422 4256.03 
H SD -1.09488 0.453394 -0.669031 4.49247 0.748118 7.15922 -468.353 632.92 
H C1 -0.0251556 0.772587 -0.187578 2.57239 2.37701 68.1309 -757.163 2381.93 
H CG 1.61571 0 0 1.90301 -2.71784 40.8157 -277.488 3321.74 
H CR -0.707939 -0.587643 -1.20294 1.8047 3.59893 -0.811799 12.519 134.306 
H OC -0.40199 -0.0601489 -0.666327 1.25713 1.36874 -70.0496 -100.545 258.838 
H N3 -0.920424 1.18009 0.682025 2.36653 -0.195213 42.841 -1410.38 2058.73 
H HC -1.02012 0.851621 0.171618 1.97773 0.902579 9.28007 113.495 1.59945 
H OG -0.442964 -0.445063 0.0496221 1.22846 0.814472 -54.8532 -478.724 788.135 
H H 0.347059 0.347059 0.866872 1.96351 -1.18707 29.269 3.96178 238.105 
H N2 0.444116 0 0 0.694197 0.767579 -50.79 133.245 512.04 
H NE 0.497123 -0.48598 -0.586059 1.87332 0.398519 -29.6102 -737.794 1158.97 
H C 0.139492 0 0 1.37706 -1.11804 47.7621 -39.3917 1916.3 
H O -0.0236268 0.099638 -0.855459 1.26638 2.15628 -80.0359 -68.9123 206.59 
N2 C3 0 1.01798 0 1.50147 -2.09262 -228.072 -1370.07 44116.1 
N2 SG 0 1.34987 0 1.8308 -3.58723 -447.92 3063.07 71915.2 
N2 C2 0 1.7662 0 2.12299 -1.87454 -49.8644 -2005.86 28275.7 
N2 SD 0 -1.76869 0 2.92945 -0.273188 -171.457 -1151.93 48171.7 
N2 C1 0 0.948732 0 1.63831 0.299686 -19.2176 -2800.2 33473.7 
N2 CG 0 0 0 5.27664 -1.12509 6.27214 -1235.44 19575 
N2 CR 0 0.934823 0 1.73227 0.0961879 -73.0807 -2889.47 32873.8 
N2 OC 0 -0.590982 0 1.17372 -0.862586 -41.9758 -245.07 12135.3 
N2 N3 0 1.71192 0 4.18586 0.251466 55.1875 -2383.56 19547.6 
N2 HC 0 1.4389 0 1.69829 2.3698 8.52243 -456.319 867.871 
N2 OG 0 -0.845757 0 1.18158 0.513456 -85.881 -1061.11 22441.1 
N2 H 0 0.444116 0 0.694197 0.767579 -50.79 133.245 512.04 
N2 N2 0 0 0 2.1008 -0.680813 -86.2368 -1038.09 10200.3 
N2 NE 0 0.332579 0 2.59038 -2.95128 21.65 -220.713 23428 
N2 C 0 0 0 0.542934 0.409923 15.9748 -2056.52 16301.3 
N2 O 0 0.387159 0 1.49458 -1.29757 25.0826 200.723 6626.38 
NE C3 0.94485 1.10386 0.425302 2.99671 7.37013 -298.422 312.092 28445.4 
NE SG 1.35175 -1.00547 1.09351 5.58221 -8.54626 -245.517 1051.45 40711 
NE C2 0.231835 0.635134 1.2983 3.97064 4.84114 -54.135 -2440.94 26778.7 
NE SD 1.45262 0.00756049 1.22106 4.37514 -0.891324 -326.69 1610.52 29437.6 
NE C1 -1.08152 1.8132 -0.197703 4.93532 2.16546 14.9153 -2218.87 20623.8 
NE CG 1.18419 0 0 4.08849 1.31774 -14.2188 -1347.3 11563.5 
NE CR -0.327817 0.2927 -0.5095 1.53052 8.95263 -146.464 -1729.82 38136.7 
NE OC 4.06656 -2.25477 1.51545 5.96126 1.22753 -161.542 1371.12 9091.82 
NE N3 0.452488 -1.34817 1.63478 4.11374 -10.1515 38.3543 57.0411 13518.7 
NE HC 1.39851 1.97503 -1.09164 4.1885 2.46021 29.9092 -967.687 1567.8 
NE OG 0.629069 0.479755 0.329223 2.23977 -8.91598 -166.256 17.9353 15952.8 
NE H -0.48598 0.497123 -0.586059 1.87332 0.398519 -29.6102 -737.794 1158.97 
NE N2 0.332579 0 0 2.59038 -2.95128 21.65 -220.713 23428 
NE NE -0.644568 -0.644568 0.246155 2.15767 14.6121 -203.498 -732.642 14439.2 
NE C -0.602261 0 0 1.81029 11.9817 -91.626 -2126.7 10071.5 
NE O 0.0145492 -0.367502 1.18309 2.7946 -5.41628 -2.42365 -44.455 19636.1 
C C3 0 -0.411857 0 1.15648 3.15639 -365.013 -3667.24 35741.8 
C SG 0 -0.317774 0 0.70821 14.5128 -494.36 -1365.89 5801.71 
C C2 0 -2.22982 0 2.56066 1.74 -153.095 -4927.39 55159.5 
C SD 0 -0.513879 0 3.58252 4.77284 -185.199 -2368.5 38590.1 
C C1 0 0.436976 0 0.920665 -2.58042 264.012 -3041.05 3299.41 
C CG 0 0 0 2.29347 -5.16191 42.193 -4136.02 18853.1 
C CR 0 0.389894 0 2.26786 1.92205 41.8922 -4752.46 30154.2 
C OC 0 0.18778 0 1.01783 0.429533 107.207 -1946.62 6902.89 
C N3 0 0.678331 0 1.29584 1.60528 243.894 -1333.99 2763.94 
C HC 0 -0.291646 0 1.04886 -2.71164 28.1223 -97.0088 1881.14 
C OG 0 0.0989451 0 1.14508 0.746773 -44.2685 -1889.37 11570.9 
C H 0 0.139492 0 1.37706 -1.11804 47.7621 -39.3917 1916.3 
C N2 0 0 0 0.542934 0.409923 15.9748 -2056.52 16301.3 
C NE 0 -0.602261 0 1.81029 11.9817 -91.626 -2126.7 10071.5 
C C 0 0 0 0.494676 0.528603 132.096 -1118.02 12899.9 
C O 0 -1.89141 0 2.33861 5.04245 -53.9003 -2294.35 19587.9 
O C3 -0.545506 0.0279994 -0.437813 1.30981 11.1139 -343.597 -1516.01 54383.9 
O SG 1.36812 0.0329896 0.922367 3.27002 -3.36249 -566.883 2056.77 65420.8 
O C2 -0.80731 -0.272119 0.143361 2.60539 4.33276 -157.719 -1760.6 36314.8 
O SD 0.584771 0.737642 -0.432334 4.94853 1.1393 -230.918 -298.689 40818.7 
O C1 0.324964 1.73166 -0.160999 2.7817 -11.9025 -59.7091 -1416.07 32678.7 
O CG -1.64299 0 0 2.23024 -0.337882 47.8941 580.533 9794.01 
O CR -0.171823 1.48333 -0.0258662 2.29983 -1.17872 -68.0651 -1607.75 36210.7 
O OC -1.25147 -0.655006 -0.0205569 2.20054 7.01045 -33.0973 293.694 5757.6 
O N3 0.659695 -0.636872 0.427765 1.47719 -0.605409 0.552318 -234.724 3571.97 
O HC -0.0673976 0.33767 -0.287147 1.15526 -2.0608 -46.833 -39.6765 100.007 
O OG -0.592637 -0.620062 -0.135269 1.38817 -2.54576 89.2955 946.843 1319.19 
O H 0.099638 -0.0236268 -0.855459 1.26638 2.15628 -80.0359 -68.9123 206.59 
O N2 0.387159 0 0 1.49458 -1.29757 25.0826 200.723 6626.38 
O NE -0.367502 0.0145492 1.18309 2.7946 -5.41628 -2.42365 -44.455 19636.1 
O C -1.89141 0 0 2.33861 5.04245 -53.9003 -2294.35 19587.9 
O O -0.734637 -0.734637 -0.257801 1.78498 -2.95867 30.818 712.551 12015.7 
